2023-11-15 16:27:48.019540

Classification Report

              precision    recall  f1-score   support

         ADJ       0.00      0.00      0.00         1
         ADV       0.53      0.43      0.47        21
        CONJ       0.55      0.75      0.63         8
         DEM       1.00      0.88      0.93         8
          DM       0.60      0.50      0.55         6
         ENC       1.00      1.00      1.00         5
      INTERJ       0.00      0.00      0.00         2
        INTV       1.00      1.00      1.00         2
           N       0.59      0.78      0.67        46
         NUM       0.75      0.33      0.46         9
          PP       0.95      0.70      0.81        27
        PRED       1.00      0.50      0.67         4
         PRO       0.75      1.00      0.86         3
         PRT       0.89      0.86      0.87        36
       QUANT       1.00      0.33      0.50         3
         TNS       1.00      0.89      0.94         9
           V       0.74      0.86      0.80        50

    accuracy                           0.74       240
   macro avg       0.73      0.64      0.66       240
weighted avg       0.75      0.74      0.73       240


Confusion Matrix

     @@@ 	ADJ 	ADV 	CONJ	DEM 	 DM 	ENC 	INTERJ	INTV	 N  	NUM 	 PP 	PRED	PRO 	PRT 	QUANT	TNS 	 V  
@@@   0.00	0.00	0.00	0.00	0.00	0.00	0.00	0.00	0.00	0.00	0.00	0.00	0.00	0.00	0.00	0.00	0.00	0.00
ADJ   0.00	0.00	0.00	0.00	0.00	0.00	0.00	0.00	0.00	1.00	0.00	0.00	0.00	0.00	0.00	0.00	0.00	0.00
ADV   0.00	0.00	0.43	0.05	0.00	0.00	0.00	0.00	0.00	0.33	0.00	0.00	0.00	0.00	0.00	0.00	0.00	0.19
CONJ  0.00	0.00	0.00	0.75	0.00	0.12	0.00	0.00	0.00	0.00	0.00	0.00	0.00	0.00	0.12	0.00	0.00	0.00
DEM   0.00	0.00	0.00	0.00	0.88	0.00	0.00	0.00	0.00	0.12	0.00	0.00	0.00	0.00	0.00	0.00	0.00	0.00
DM    0.00	0.00	0.00	0.17	0.00	0.50	0.00	0.00	0.00	0.00	0.00	0.00	0.00	0.00	0.17	0.00	0.00	0.17
ENC   0.00	0.00	0.00	0.00	0.00	0.00	1.00	0.00	0.00	0.00	0.00	0.00	0.00	0.00	0.00	0.00	0.00	0.00
INTERJ0.00	0.00	0.50	0.00	0.00	0.00	0.00	0.00	0.00	0.50	0.00	0.00	0.00	0.00	0.00	0.00	0.00	0.00
INTV  0.00	0.00	0.00	0.00	0.00	0.00	0.00	0.00	1.00	0.00	0.00	0.00	0.00	0.00	0.00	0.00	0.00	0.00
N     0.00	0.00	0.04	0.00	0.00	0.00	0.00	0.00	0.00	0.78	0.02	0.02	0.00	0.00	0.00	0.00	0.00	0.13
NUM   0.00	0.00	0.11	0.00	0.00	0.00	0.00	0.00	0.00	0.33	0.33	0.00	0.00	0.00	0.11	0.00	0.00	0.11
PP    0.00	0.00	0.00	0.07	0.00	0.00	0.00	0.00	0.00	0.15	0.00	0.70	0.00	0.00	0.04	0.00	0.00	0.04
PRED  0.00	0.00	0.50	0.00	0.00	0.00	0.00	0.00	0.00	0.00	0.00	0.00	0.50	0.00	0.00	0.00	0.00	0.00
PRO   0.00	0.00	0.00	0.00	0.00	0.00	0.00	0.00	0.00	0.00	0.00	0.00	0.00	1.00	0.00	0.00	0.00	0.00
PRT   0.00	0.00	0.03	0.03	0.00	0.03	0.00	0.00	0.00	0.00	0.00	0.00	0.00	0.03	0.86	0.00	0.00	0.03
QUANT 0.00	0.00	0.33	0.00	0.00	0.00	0.00	0.00	0.00	0.00	0.00	0.00	0.00	0.00	0.00	0.33	0.00	0.33
TNS   0.00	0.00	0.00	0.00	0.00	0.00	0.00	0.00	0.00	0.11	0.00	0.00	0.00	0.00	0.00	0.00	0.89	0.00
V     0.00	0.00	0.00	0.00	0.00	0.00	0.00	0.00	0.00	0.14	0.00	0.00	0.00	0.00	0.00	0.00	0.00	0.86

