2023-11-15 16:50:56.091913

Classification Report

              precision    recall  f1-score   support

         ADJ       0.00      0.00      0.00         1
         ADV       0.56      0.48      0.51        21
        CONJ       0.42      0.62      0.50         8
         DEM       1.00      0.88      0.93         8
          DM       0.60      0.50      0.55         6
         ENC       1.00      1.00      1.00         5
      INTERJ       0.00      0.00      0.00         2
        INTV       1.00      0.50      0.67         2
           N       0.58      0.74      0.65        46
         NUM       1.00      0.22      0.36         9
          PP       0.85      0.63      0.72        27
        PRED       1.00      0.50      0.67         4
         PRO       0.75      1.00      0.86         3
         PRT       0.89      0.89      0.89        36
       QUANT       1.00      0.67      0.80         3
         TNS       0.88      0.78      0.82         9
           V       0.68      0.80      0.73        50

    accuracy                           0.71       240
   macro avg       0.72      0.60      0.63       240
weighted avg       0.73      0.71      0.70       240


Confusion Matrix

     @@@ 	ADJ 	ADV 	CONJ	DEM 	 DM 	ENC 	INTERJ	INTV	 N  	NUM 	 PP 	PRED	PRO 	PRT 	QUANT	TNS 	 V  
@@@   0.00	0.00	0.00	0.00	0.00	0.00	0.00	0.00	0.00	0.00	0.00	0.00	0.00	0.00	0.00	0.00	0.00	0.00
ADJ   0.00	0.00	0.00	0.00	0.00	0.00	0.00	0.00	0.00	1.00	0.00	0.00	0.00	0.00	0.00	0.00	0.00	0.00
ADV   0.00	0.00	0.48	0.05	0.00	0.00	0.00	0.00	0.00	0.24	0.00	0.00	0.00	0.00	0.00	0.00	0.00	0.24
CONJ  0.00	0.00	0.00	0.62	0.00	0.12	0.00	0.00	0.00	0.12	0.00	0.00	0.00	0.00	0.00	0.00	0.12	0.00
DEM   0.00	0.00	0.00	0.00	0.88	0.00	0.00	0.00	0.00	0.12	0.00	0.00	0.00	0.00	0.00	0.00	0.00	0.00
DM    0.00	0.00	0.00	0.17	0.00	0.50	0.00	0.00	0.00	0.00	0.00	0.00	0.00	0.00	0.17	0.00	0.00	0.17
ENC   0.00	0.00	0.00	0.00	0.00	0.00	1.00	0.00	0.00	0.00	0.00	0.00	0.00	0.00	0.00	0.00	0.00	0.00
INTERJ0.00	0.00	0.00	0.00	0.00	0.00	0.00	0.00	0.00	0.50	0.00	0.00	0.00	0.00	0.00	0.00	0.00	0.50
INTV  0.00	0.00	0.00	0.50	0.00	0.00	0.00	0.00	0.50	0.00	0.00	0.00	0.00	0.00	0.00	0.00	0.00	0.00
N     0.00	0.00	0.02	0.04	0.00	0.00	0.00	0.00	0.00	0.74	0.00	0.02	0.00	0.00	0.00	0.00	0.00	0.17
NUM   0.00	0.00	0.22	0.00	0.00	0.00	0.00	0.00	0.00	0.11	0.22	0.22	0.00	0.00	0.11	0.00	0.00	0.11
PP    0.00	0.00	0.00	0.04	0.00	0.00	0.00	0.00	0.00	0.22	0.00	0.63	0.00	0.00	0.07	0.00	0.00	0.04
PRED  0.00	0.00	0.50	0.00	0.00	0.00	0.00	0.00	0.00	0.00	0.00	0.00	0.50	0.00	0.00	0.00	0.00	0.00
PRO   0.00	0.00	0.00	0.00	0.00	0.00	0.00	0.00	0.00	0.00	0.00	0.00	0.00	1.00	0.00	0.00	0.00	0.00
PRT   0.00	0.00	0.00	0.03	0.00	0.03	0.00	0.00	0.00	0.00	0.00	0.00	0.00	0.03	0.89	0.00	0.00	0.03
QUANT 0.00	0.00	0.00	0.00	0.00	0.00	0.00	0.00	0.00	0.33	0.00	0.00	0.00	0.00	0.00	0.67	0.00	0.00
TNS   0.00	0.00	0.00	0.00	0.00	0.00	0.00	0.00	0.00	0.11	0.00	0.00	0.00	0.00	0.00	0.00	0.78	0.11
V     0.00	0.00	0.06	0.00	0.00	0.00	0.00	0.00	0.00	0.14	0.00	0.00	0.00	0.00	0.00	0.00	0.00	0.80

