2023-11-16 11:31:00.838756

Classification Report

              precision    recall  f1-score   support

         ADV       0.53      0.45      0.49        20
        CONJ       0.55      0.75      0.63         8
         DEM       1.00      0.71      0.83         7
          DM       0.67      0.67      0.67         6
         ENC       1.00      1.00      1.00         6
      INTERJ       0.00      0.00      0.00         2
        INTV       1.00      1.00      1.00         2
           N       0.62      0.77      0.69        44
         NUM       1.00      0.33      0.50         9
          PP       0.90      0.73      0.81        26
        PRED       1.00      0.50      0.67         4
         PRO       0.75      1.00      0.86         3
         PRT       0.89      0.86      0.87        36
       QUANT       0.50      0.33      0.40         3
         TNS       1.00      0.89      0.94         9
           V       0.72      0.84      0.78        45

    accuracy                           0.74       230
   macro avg       0.76      0.68      0.70       230
weighted avg       0.76      0.74      0.74       230


Confusion Matrix

     @@@ 	ADJ 	ADV 	CONJ	DEM 	 DM 	ENC 	INTERJ	INTV	 N  	NUM 	 PP 	PRED	PRO 	PRT 	QUANT	TNS 	UNK 	 V  
@@@   0.00	0.00	0.00	0.00	0.00	0.00	0.00	0.00	0.00	0.00	0.00	0.00	0.00	0.00	0.00	0.00	0.00	0.00	0.00
ADJ   0.00	0.00	0.00	0.00	0.00	0.00	0.00	0.00	0.00	0.00	0.00	0.00	0.00	0.00	0.00	0.00	0.00	0.00	0.00
ADV   0.00	0.00	0.45	0.05	0.00	0.00	0.00	0.00	0.00	0.30	0.00	0.00	0.00	0.00	0.00	0.05	0.00	0.00	0.15
CONJ  0.00	0.00	0.00	0.75	0.00	0.00	0.00	0.00	0.00	0.00	0.00	0.12	0.00	0.00	0.12	0.00	0.00	0.00	0.00
DEM   0.00	0.00	0.00	0.00	0.71	0.00	0.00	0.00	0.00	0.29	0.00	0.00	0.00	0.00	0.00	0.00	0.00	0.00	0.00
DM    0.00	0.00	0.00	0.17	0.00	0.67	0.00	0.00	0.00	0.00	0.00	0.00	0.00	0.00	0.17	0.00	0.00	0.00	0.00
ENC   0.00	0.00	0.00	0.00	0.00	0.00	1.00	0.00	0.00	0.00	0.00	0.00	0.00	0.00	0.00	0.00	0.00	0.00	0.00
INTERJ0.00	0.00	0.50	0.00	0.00	0.00	0.00	0.00	0.00	0.50	0.00	0.00	0.00	0.00	0.00	0.00	0.00	0.00	0.00
INTV  0.00	0.00	0.00	0.00	0.00	0.00	0.00	0.00	1.00	0.00	0.00	0.00	0.00	0.00	0.00	0.00	0.00	0.00	0.00
N     0.00	0.00	0.05	0.00	0.00	0.00	0.00	0.00	0.00	0.77	0.00	0.00	0.00	0.00	0.00	0.00	0.00	0.00	0.18
NUM   0.00	0.00	0.22	0.00	0.00	0.00	0.00	0.00	0.00	0.33	0.33	0.00	0.00	0.00	0.00	0.00	0.00	0.00	0.11
PP    0.00	0.00	0.00	0.08	0.00	0.00	0.00	0.00	0.00	0.08	0.00	0.73	0.00	0.00	0.08	0.00	0.00	0.00	0.04
PRED  0.00	0.00	0.50	0.00	0.00	0.00	0.00	0.00	0.00	0.00	0.00	0.00	0.50	0.00	0.00	0.00	0.00	0.00	0.00
PRO   0.00	0.00	0.00	0.00	0.00	0.00	0.00	0.00	0.00	0.00	0.00	0.00	0.00	1.00	0.00	0.00	0.00	0.00	0.00
PRT   0.00	0.00	0.00	0.03	0.00	0.06	0.00	0.00	0.00	0.00	0.00	0.00	0.00	0.03	0.86	0.00	0.00	0.00	0.03
QUANT 0.00	0.00	0.33	0.00	0.00	0.00	0.00	0.00	0.00	0.00	0.00	0.00	0.00	0.00	0.00	0.33	0.00	0.00	0.33
TNS   0.00	0.00	0.00	0.00	0.00	0.00	0.00	0.00	0.00	0.11	0.00	0.00	0.00	0.00	0.00	0.00	0.89	0.00	0.00
UNK   0.00	0.00	0.00	0.00	0.00	0.00	0.00	0.00	0.00	0.00	0.00	0.00	0.00	0.00	0.00	0.00	0.00	0.00	0.00
V     0.00	0.00	0.00	0.00	0.00	0.00	0.00	0.00	0.00	0.13	0.00	0.02	0.00	0.00	0.00	0.00	0.00	0.00	0.84

