2023-11-23 15:54:31.245794

Classification Report

              precision    recall  f1-score   support

         ADV       0.57      0.40      0.47        20
        CONJ       0.40      0.50      0.44         8
         DEM       1.00      0.71      0.83         7
          DM       0.67      0.67      0.67         6
         ENC       1.00      1.00      1.00         6
      INTERJ       0.00      0.00      0.00         2
        INTV       0.50      0.50      0.50         2
           N       0.64      0.73      0.68        44
         NUM       0.60      0.33      0.43         9
          PP       0.74      0.65      0.69        26
        PRED       0.67      0.50      0.57         4
         PRO       0.50      1.00      0.67         3
         PRT       0.94      0.86      0.90        36
       QUANT       1.00      0.67      0.80         3
         TNS       0.80      0.89      0.84         9
           V       0.75      0.91      0.82        45

    accuracy                           0.73       230
   macro avg       0.67      0.65      0.64       230
weighted avg       0.73      0.73      0.72       230


Confusion Matrix

     ADJ 	ADV 	ART 	CONJ	DEM 	 DM 	ENC 	INTERJ	INTV	 N  	NUM 	 PP 	PRED	PRO 	PRT 	QUANT	TNS 	UNK 	 V  
ADJ   0.00	0.00	0.00	0.00	0.00	0.00	0.00	0.00	0.00	0.00	0.00	0.00	0.00	0.00	0.00	0.00	0.00	0.00	0.00
ADV   0.00	0.40	0.00	0.05	0.00	0.00	0.00	0.00	0.00	0.25	0.00	0.05	0.00	0.00	0.00	0.00	0.00	0.00	0.25
ART   0.00	0.00	0.00	0.00	0.00	0.00	0.00	0.00	0.00	0.00	0.00	0.00	0.00	0.00	0.00	0.00	0.00	0.00	0.00
CONJ  0.00	0.12	0.00	0.50	0.00	0.00	0.00	0.00	0.00	0.00	0.00	0.12	0.00	0.00	0.12	0.00	0.12	0.00	0.00
DEM   0.00	0.00	0.00	0.00	0.71	0.00	0.00	0.00	0.00	0.14	0.00	0.00	0.00	0.14	0.00	0.00	0.00	0.00	0.00
DM    0.00	0.00	0.00	0.17	0.00	0.67	0.00	0.00	0.00	0.00	0.00	0.00	0.00	0.00	0.17	0.00	0.00	0.00	0.00
ENC   0.00	0.00	0.00	0.00	0.00	0.00	1.00	0.00	0.00	0.00	0.00	0.00	0.00	0.00	0.00	0.00	0.00	0.00	0.00
INTERJ0.00	0.50	0.00	0.00	0.00	0.00	0.00	0.00	0.00	0.50	0.00	0.00	0.00	0.00	0.00	0.00	0.00	0.00	0.00
INTV  0.00	0.00	0.00	0.00	0.00	0.00	0.00	0.00	0.50	0.50	0.00	0.00	0.00	0.00	0.00	0.00	0.00	0.00	0.00
N     0.00	0.00	0.00	0.00	0.00	0.00	0.00	0.00	0.02	0.73	0.05	0.05	0.00	0.00	0.00	0.00	0.00	0.00	0.16
NUM   0.00	0.33	0.00	0.00	0.00	0.00	0.00	0.00	0.00	0.11	0.33	0.11	0.11	0.00	0.00	0.00	0.00	0.00	0.00
PP    0.00	0.00	0.00	0.12	0.00	0.00	0.00	0.00	0.00	0.15	0.00	0.65	0.00	0.04	0.00	0.00	0.00	0.00	0.04
PRED  0.00	0.25	0.00	0.00	0.00	0.00	0.00	0.00	0.00	0.00	0.00	0.00	0.50	0.00	0.00	0.00	0.25	0.00	0.00
PRO   0.00	0.00	0.00	0.00	0.00	0.00	0.00	0.00	0.00	0.00	0.00	0.00	0.00	1.00	0.00	0.00	0.00	0.00	0.00
PRT   0.00	0.00	0.00	0.03	0.00	0.06	0.00	0.00	0.00	0.00	0.00	0.00	0.00	0.03	0.86	0.00	0.00	0.00	0.03
QUANT 0.00	0.00	0.00	0.00	0.00	0.00	0.00	0.00	0.00	0.33	0.00	0.00	0.00	0.00	0.00	0.67	0.00	0.00	0.00
TNS   0.00	0.00	0.00	0.00	0.00	0.00	0.00	0.00	0.00	0.00	0.00	0.11	0.00	0.00	0.00	0.00	0.89	0.00	0.00
UNK   0.00	0.00	0.00	0.00	0.00	0.00	0.00	0.00	0.00	0.00	0.00	0.00	0.00	0.00	0.00	0.00	0.00	0.00	0.00
V     0.00	0.00	0.00	0.00	0.00	0.00	0.00	0.00	0.00	0.09	0.00	0.00	0.00	0.00	0.00	0.00	0.00	0.00	0.91

