2023-10-18 16:40:48.512362

Classification Report

              precision    recall  f1-score   support

           .       0.97      1.00      0.98        58
         ADJ       0.55      0.23      0.32        26
         ADP       0.53      0.74      0.62        39
         ADV       0.14      0.10      0.12        20
        CONJ       1.00      0.50      0.67         6
         DET       0.54      0.90      0.68        41
        NOUN       0.47      0.74      0.57        76
         NUM       0.00      0.00      0.00         7
        PRON       0.67      0.13      0.22        15
         PRT       0.86      0.50      0.63        12
        VERB       0.71      0.26      0.38        65

    accuracy                           0.59       365
   macro avg       0.58      0.46      0.47       365
weighted avg       0.61      0.59      0.56       365


Confusion Matrix

      .  	ADJ 	ADP 	ADV 	CONJ	DET 	NOUN	NUM 	PRON	PRT 	VERB
.     1.00	0.00	0.00	0.00	0.00	0.00	0.00	0.00	0.00	0.00	0.00
ADJ   0.00	0.23	0.04	0.04	0.00	0.19	0.50	0.00	0.00	0.00	0.00
ADP   0.00	0.00	0.74	0.03	0.00	0.13	0.08	0.00	0.00	0.03	0.00
ADV   0.00	0.00	0.10	0.10	0.00	0.15	0.65	0.00	0.00	0.00	0.00
CONJ  0.00	0.17	0.00	0.00	0.50	0.17	0.17	0.00	0.00	0.00	0.00
DET   0.00	0.00	0.02	0.02	0.00	0.90	0.05	0.00	0.00	0.00	0.00
NOUN  0.00	0.03	0.05	0.05	0.00	0.08	0.74	0.00	0.01	0.00	0.04
NUM   0.14	0.14	0.00	0.00	0.00	0.00	0.43	0.00	0.00	0.00	0.29
PRON  0.00	0.00	0.00	0.00	0.00	0.47	0.27	0.00	0.13	0.00	0.13
PRT   0.00	0.00	0.25	0.08	0.00	0.08	0.08	0.00	0.00	0.50	0.00
VERB  0.02	0.02	0.23	0.06	0.00	0.05	0.37	0.00	0.00	0.00	0.26

